package,class,method,descriptor,nesting,lines_covered,lines_total,coverage_pct,branches_covered,branches_missed,first_line
com.google.testing.junit.testparameterinjector,com.google.testing.junit.testparameterinjector.TestMethodProcessorList,<init>,(Lcom/google/common/collect/ImmutableList;)V,top-level,3,3,100.0,0,0,32
com.google.testing.junit.testparameterinjector,com.google.testing.junit.testparameterinjector.TestMethodProcessorList,createNewParameterizedProcessors,()Lcom/google/testing/junit/testparameterinjector/TestMethodProcessorList;,top-level,3,3,100.0,0,0,46
com.google.testing.junit.testparameterinjector,com.google.testing.junit.testparameterinjector.TestMethodProcessorList,calculateTestInfos,(Ljava/lang/reflect/Method;Ljava/lang/Class;)Ljava/util/List;,top-level,13,13,100.0,4,0,64
com.google.testing.junit.testparameterinjector,com.google.testing.junit.testparameterinjector.TestMethodProcessorList,getTestMethodParameters,(Lcom/google/testing/junit/testparameterinjector/TestInfo;)Ljava/util/List;,top-level,6,6,100.0,0,0,108
com.google.testing.junit.testparameterinjector,com.google.testing.junit.testparameterinjector.TestMethodProcessorList,postProcessTestInstance,(Ljava/lang/Object;Lcom/google/testing/junit/testparameterinjector/TestInfo;)V,top-level,4,4,100.0,2,0,126
com.google.testing.junit.testparameterinjector,com.google.testing.junit.testparameterinjector.TestMethodProcessorList,validateConstructor,(Ljava/lang/reflect/Constructor;)Lcom/google/testing/junit/testparameterinjector/ExecutableValidationResult;,top-level,4,4,100.0,0,0,133
com.google.testing.junit.testparameterinjector,com.google.testing.junit.testparameterinjector.TestMethodProcessorList,validateTestMethod,(Ljava/lang/reflect/Method;Ljava/lang/Class;)Lcom/google/testing/junit/testparameterinjector/ExecutableValidationResult;,top-level,4,4,100.0,0,0,141
com.google.testing.junit.testparameterinjector,com.google.testing.junit.testparameterinjector.TestMethodProcessorList,lambda$validateTestMethod$5,(Ljava/lang/reflect/Method;Ljava/lang/Class;Lcom/google/testing/junit/testparameterinjector/TestMethodProcessor;)Lcom/google/testing/junit/testparameterinjector/ExecutableValidationResult;,top-level,1,1,100.0,0,0,142
com.google.testing.junit.testparameterinjector,com.google.testing.junit.testparameterinjector.TestMethodProcessorList,lambda$validateConstructor$4,(Ljava/lang/reflect/Constructor;Lcom/google/testing/junit/testparameterinjector/TestMethodProcessor;)Lcom/google/testing/junit/testparameterinjector/ExecutableValidationResult;,top-level,1,1,100.0,0,0,134
com.google.testing.junit.testparameterinjector,com.google.testing.junit.testparameterinjector.TestMethodProcessorList,lambda$getTestMethodParameters$2,(Lcom/google/testing/junit/testparameterinjector/TestInfo;Lcom/google/testing/junit/testparameterinjector/TestMethodProcessor;)Lcom/google/common/base/Optional;,top-level,1,1,100.0,0,0,109
com.google.testing.junit.testparameterinjector,com.google.testing.junit.testparameterinjector.TestParameterAnnotationMethodProcessor$AnnotationWithMetadata,<init>,()V,nested,1,1,100.0,0,0,241
com.google.testing.junit.testparameterinjector,com.google.testing.junit.testparameterinjector.TestParameterAnnotationMethodProcessor$AnnotationWithMetadata,withMetadata,(Ljava/lang/annotation/Annotation;Ljava/lang/Class;Ljava/lang/String;)Lcom/google/testing/junit/testparameterinjector/TestParameterAnnotationMethodProcessor$AnnotationWithMetadata;,nested,2,2,100.0,0,0,263
com.google.testing.junit.testparameterinjector,com.google.testing.junit.testparameterinjector.AutoValue_TestParameterAnnotationMethodProcessor_TestParameterValueHolder,<init>,(Lcom/google/testing/junit/testparameterinjector/TestParameterAnnotationMethodProcessor$AnnotationTypeOrigin;Lcom/google/testing/junit/testparameterinjector/TestParameterValue;ILjava/util/List;Lcom/google/common/base/Optional;)V,top-level,11,15,73.3,4,4,24
com.google.testing.junit.testparameterinjector,com.google.testing.junit.testparameterinjector.AutoValue_TestParameterAnnotationMethodProcessor_TestParameterValueHolder,annotationTypeOrigin,()Lcom/google/testing/junit/testparameterinjector/TestParameterAnnotationMethodProcessor$AnnotationTypeOrigin;,top-level,1,1,100.0,0,0,46
com.google.testing.junit.testparameterinjector,com.google.testing.junit.testparameterinjector.AutoValue_TestParameterAnnotationMethodProcessor_TestParameterValueHolder,wrappedValue,()Lcom/google/testing/junit/testparameterinjector/TestParameterValue;,top-level,1,1,100.0,0,0,51
com.google.testing.junit.testparameterinjector,com.google.testing.junit.testparameterinjector.AutoValue_TestParameterAnnotationMethodProcessor_TestParameterValueHolder,valueIndex,()I,top-level,1,1,100.0,0,0,56
com.google.testing.junit.testparameterinjector,com.google.testing.junit.testparameterinjector.AutoValue_TestParameterAnnotationMethodProcessor_TestParameterValueHolder,paramName,()Lcom/google/common/base/Optional;,top-level,1,1,100.0,0,0,67
com.google.testing.junit.testparameterinjector,com.google.testing.junit.testparameterinjector.TestParameterAnnotationMethodProcessor$ValidatorContext,<init>,(Ljava/util/List;)V,nested,8,8,100.0,0,0,1195
com.google.testing.junit.testparameterinjector,com.google.testing.junit.testparameterinjector.PluggableTestRunner$ContextMethodRule,apply,(Lorg/junit/runners/model/Statement;Lorg/junit/runners/model/FrameworkMethod;Ljava/lang/Object;)Lorg/junit/runners/model/Statement;,nested,1,1,100.0,0,0,428
com.google.testing.junit.testparameterinjector,com.google.testing.junit.testparameterinjector.TestParameterAnnotationMethodProcessor$TestParameterValueHolder,<init>,()V,nested,1,1,100.0,0,0,72
com.google.testing.junit.testparameterinjector,com.google.testing.junit.testparameterinjector.TestParameterAnnotationMethodProcessor$TestParameterValueHolder,unwrappedValue,()Ljava/lang/Object;,nested,1,1,100.0,0,0,109
com.google.testing.junit.testparameterinjector,com.google.testing.junit.testparameterinjector.TestParameterAnnotationMethodProcessor$TestParameterValueHolder,toTestNameString,()Ljava/lang/String;,nested,1,1,100.0,0,0,117
com.google.testing.junit.testparameterinjector,com.google.testing.junit.testparameterinjector.TestParameterAnnotationMethodProcessor$TestParameterValueHolder,create,(Lcom/google/testing/junit/testparameterinjector/TestParameterAnnotationMethodProcessor$AnnotationWithMetadata;Lcom/google/testing/junit/testparameterinjector/TestParameterAnnotationMethodProcessor$Origin;)Lcom/google/common/collect/ImmutableList;,nested,9,9,100.0,1,1,122
com.google.testing.junit.testparameterinjector,com.google.testing.junit.testparameterinjector.TestParameterAnnotationMethodProcessor$TestParameterValueHolder,lambda$create$0,(Lcom/google/testing/junit/testparameterinjector/TestParameterAnnotationMethodProcessor$AnnotationWithMetadata;Lcom/google/testing/junit/testparameterinjector/TestParameterAnnotationMethodProcessor$Origin;Ljava/util/List;Ljava/lang/Integer;)Lcom/google/testing/junit/testparameterinjector/TestParameterAnnotationMethodProcessor$TestParameterValueHolder;,nested,9,9,100.0,0,0,133
com.google.testing.junit.testparameterinjector,com.google.testing.junit.testparameterinjector.PluggableTestRunner$ContextMethodRule$1,<init>,(Lcom/google/testing/junit/testparameterinjector/PluggableTestRunner$ContextMethodRule;Lorg/junit/runners/model/FrameworkMethod;Lorg/junit/runners/model/Statement;)V,anonymous,1,1,100.0,0,0,428
com.google.testing.junit.testparameterinjector,com.google.testing.junit.testparameterinjector.PluggableTestRunner$ContextMethodRule$1,evaluate,()V,anonymous,4,4,100.0,0,0,431
com.google.testing.junit.testparameterinjector,com.google.testing.junit.testparameterinjector.PluggableTestRunner$2,<init>,(Lcom/google/testing/junit/testparameterinjector/PluggableTestRunner;Lorg/junit/runners/model/FrameworkMethod;Ljava/lang/Object;Ljava/util/List;)V,anonymous,1,1,100.0,0,0,246
com.google.testing.junit.testparameterinjector,com.google.testing.junit.testparameterinjector.PluggableTestRunner$2,evaluate,()V,anonymous,2,2,100.0,0,0,249
com.google.testing.junit.testparameterinjector,com.google.testing.junit.testparameterinjector.PluggableTestRunner$1,<init>,(Lcom/google/testing/junit/testparameterinjector/PluggableTestRunner;Lorg/junit/runners/model/FrameworkMethod;)V,anonymous,1,1,100.0,0,0,202
com.google.testing.junit.testparameterinjector,com.google.testing.junit.testparameterinjector.PluggableTestRunner$1,runReflectiveCall,()Ljava/lang/Object;,anonymous,1,1,100.0,0,0,205
com.google.testing.junit.testparameterinjector,com.google.testing.junit.testparameterinjector.TestParameterAnnotationMethodProcessor$Origin,<clinit>,()V,nested,7,7,100.0,0,0,206
com.google.testing.junit.testparameterinjector,com.google.testing.junit.testparameterinjector.PluggableTestRunner$OverriddenFrameworkMethod,<init>,(Ljava/lang/reflect/Method;Lcom/google/testing/junit/testparameterinjector/TestInfo;)V,nested,3,3,100.0,0,0,145
com.google.testing.junit.testparameterinjector,com.google.testing.junit.testparameterinjector.PluggableTestRunner$OverriddenFrameworkMethod,getTestInfo,()Lcom/google/testing/junit/testparameterinjector/TestInfo;,nested,1,1,100.0,0,0,150
com.google.testing.junit.testparameterinjector,com.google.testing.junit.testparameterinjector.PluggableTestRunner$OverriddenFrameworkMethod,getName,()Ljava/lang/String;,nested,1,1,100.0,0,0,155
com.google.testing.junit.testparameterinjector,com.google.testing.junit.testparameterinjector.PluggableTestRunner$OverriddenFrameworkMethod,getAnnotations,()[Ljava/lang/annotation/Annotation;,nested,2,2,100.0,0,0,160
com.google.testing.junit.testparameterinjector,com.google.testing.junit.testparameterinjector.PluggableTestRunner$OverriddenFrameworkMethod,getAnnotation,(Ljava/lang/Class;)Ljava/lang/annotation/Annotation;,nested,1,1,100.0,0,0,166
com.google.testing.junit.testparameterinjector,com.google.testing.junit.testparameterinjector.PluggableTestRunner$OverriddenFrameworkMethod,hashCode,()I,nested,1,1,100.0,0,0,181
com.google.testing.junit.testparameterinjector,com.google.testing.junit.testparameterinjector.TestInfo,<init>,()V,top-level,1,1,100.0,0,0,38
com.google.testing.junit.testparameterinjector,com.google.testing.junit.testparameterinjector.TestInfo,getName,()Ljava/lang/String;,top-level,6,7,85.7,1,1,60
com.google.testing.junit.testparameterinjector,com.google.testing.junit.testparameterinjector.TestInfo,getAnnotation,(Ljava/lang/Class;)Ljava/lang/annotation/Annotation;,top-level,5,5,100.0,4,0,78
com.google.testing.junit.testparameterinjector,com.google.testing.junit.testparameterinjector.TestInfo,withExtraParameters,(Ljava/util/List;)Lcom/google/testing/junit/testparameterinjector/TestInfo;,top-level,8,8,100.0,0,0,87
com.google.testing.junit.testparameterinjector,com.google.testing.junit.testparameterinjector.TestInfo,withExtraAnnotation,(Ljava/lang/annotation/Annotation;)Lcom/google/testing/junit/testparameterinjector/TestInfo;,top-level,2,2,100.0,0,0,99
com.google.testing.junit.testparameterinjector,com.google.testing.junit.testparameterinjector.TestInfo,createWithoutParameters,(Ljava/lang/reflect/Method;Ljava/lang/Class;Ljava/util/List;)Lcom/google/testing/junit/testparameterinjector/TestInfo;,top-level,2,2,100.0,0,0,135
com.google.testing.junit.testparameterinjector,com.google.testing.junit.testparameterinjector.TestInfo,shortenNamesIfNecessary,(Ljava/util/List;)Lcom/google/common/collect/ImmutableList;,top-level,3,15,20.0,1,3,140
com.google.testing.junit.testparameterinjector,com.google.testing.junit.testparameterinjector.TestInfo,deduplicateTestNames,(Ljava/util/List;)Lcom/google/common/collect/ImmutableList;,top-level,4,5,80.0,1,1,190
com.google.testing.junit.testparameterinjector,com.google.testing.junit.testparameterinjector.TestInfo,lambda$shortenNamesIfNecessary$1,(Lcom/google/testing/junit/testparameterinjector/TestInfo;)Z,top-level,1,1,100.0,1,1,141
com.google.testing.junit.testparameterinjector,com.google.testing.junit.testparameterinjector.AutoValue_TestParameterAnnotationMethodProcessor_AnnotationWithMetadata,<init>,(Ljava/lang/annotation/Annotation;Lcom/google/common/base/Optional;Lcom/google/common/base/Optional;)V,top-level,8,11,72.7,3,3,18
com.google.testing.junit.testparameterinjector,com.google.testing.junit.testparameterinjector.AutoValue_TestParameterAnnotationMethodProcessor_AnnotationWithMetadata,annotation,()Ljava/lang/annotation/Annotation;,top-level,1,1,100.0,0,0,35
com.google.testing.junit.testparameterinjector,com.google.testing.junit.testparameterinjector.AutoValue_TestParameterAnnotationMethodProcessor_AnnotationWithMetadata,paramClass,()Lcom/google/common/base/Optional;,top-level,1,1,100.0,0,0,40
com.google.testing.junit.testparameterinjector,com.google.testing.junit.testparameterinjector.AutoValue_TestParameterAnnotationMethodProcessor_AnnotationWithMetadata,paramName,()Lcom/google/common/base/Optional;,top-level,1,1,100.0,0,0,45
com.google.testing.junit.testparameterinjector,com.google.testing.junit.testparameterinjector.AutoValue_TestInfo,<init>,(Ljava/lang/reflect/Method;Ljava/lang/Class;Lcom/google/common/collect/ImmutableList;Lcom/google/common/collect/ImmutableList;)V,top-level,10,14,71.4,4,4,22
com.google.testing.junit.testparameterinjector,com.google.testing.junit.testparameterinjector.AutoValue_TestInfo,getMethod,()Ljava/lang/reflect/Method;,top-level,1,1,100.0,0,0,43
com.google.testing.junit.testparameterinjector,com.google.testing.junit.testparameterinjector.AutoValue_TestInfo,getTestClass,()Ljava/lang/Class;,top-level,1,1,100.0,0,0,48
com.google.testing.junit.testparameterinjector,com.google.testing.junit.testparameterinjector.AutoValue_TestInfo,getParameters,()Lcom/google/common/collect/ImmutableList;,top-level,1,1,100.0,0,0,53
com.google.testing.junit.testparameterinjector,com.google.testing.junit.testparameterinjector.AutoValue_TestInfo,getAnnotations,()Lcom/google/common/collect/ImmutableList;,top-level,1,1,100.0,0,0,58
com.google.testing.junit.testparameterinjector,com.google.testing.junit.testparameterinjector.AutoValue_TestInfo,hashCode,()I,top-level,10,10,100.0,0,0,88
com.google.testing.junit.testparameterinjector,com.google.testing.junit.testparameterinjector.PluggableTestRunner,<init>,(Ljava/lang/Class;)V,top-level,2,2,100.0,0,0,66
com.google.testing.junit.testparameterinjector,com.google.testing.junit.testparameterinjector.PluggableTestRunner,finalizeCreatedTestInstance,(Ljava/lang/Object;)V,top-level,1,1,100.0,0,0,78
com.google.testing.junit.testparameterinjector,com.google.testing.junit.testparameterinjector.PluggableTestRunner,shouldSortTestMethodsDeterministically,()Z,top-level,1,1,100.0,0,0,91
com.google.testing.junit.testparameterinjector,com.google.testing.junit.testparameterinjector.PluggableTestRunner,sortTestMethods,(Lcom/google/common/collect/ImmutableList;)Lcom/google/common/collect/ImmutableList;,top-level,2,4,50.0,1,1,101
com.google.testing.junit.testparameterinjector,com.google.testing.junit.testparameterinjector.PluggableTestRunner,getSupportedTestAnnotations,()Lcom/google/common/collect/ImmutableList;,top-level,1,1,100.0,0,0,119
com.google.testing.junit.testparameterinjector,com.google.testing.junit.testparameterinjector.PluggableTestRunner,getExtraTestRules,()Ljava/util/List;,top-level,1,1,100.0,0,0,127
com.google.testing.junit.testparameterinjector,com.google.testing.junit.testparameterinjector.PluggableTestRunner,computeTestMethods,()Lcom/google/common/collect/ImmutableList;,top-level,5,5,100.0,0,0,132
com.google.testing.junit.testparameterinjector,com.google.testing.junit.testparameterinjector.PluggableTestRunner,processMethod,(Lorg/junit/runners/model/FrameworkMethod;)Lcom/google/common/collect/ImmutableList;,top-level,5,5,100.0,0,0,186
com.google.testing.junit.testparameterinjector,com.google.testing.junit.testparameterinjector.PluggableTestRunner,methodBlock,(Lorg/junit/runners/model/FrameworkMethod;)Lorg/junit/runners/model/Statement;,top-level,11,13,84.6,0,0,201
com.google.testing.junit.testparameterinjector,com.google.testing.junit.testparameterinjector.PluggableTestRunner,withPotentialTimeoutInternal,(Lorg/junit/runners/model/FrameworkMethod;Ljava/lang/Object;Lorg/junit/runners/model/Statement;)Lorg/junit/runners/model/Statement;,top-level,4,8,50.0,2,2,226
com.google.testing.junit.testparameterinjector,com.google.testing.junit.testparameterinjector.PluggableTestRunner,methodInvoker,(Lorg/junit/runners/model/FrameworkMethod;Ljava/lang/Object;)Lorg/junit/runners/model/Statement;,top-level,4,5,80.0,1,1,240
com.google.testing.junit.testparameterinjector,com.google.testing.junit.testparameterinjector.PluggableTestRunner,withRules,(Lorg/junit/runners/model/FrameworkMethod;Ljava/lang/Object;Lorg/junit/runners/model/Statement;)Lorg/junit/runners/model/Statement;,top-level,21,26,80.8,4,4,257
com.google.testing.junit.testparameterinjector,com.google.testing.junit.testparameterinjector.PluggableTestRunner,createTestForMethod,(Lorg/junit/runners/model/FrameworkMethod;)Ljava/lang/Object;,top-level,8,14,57.1,1,1,318
com.google.testing.junit.testparameterinjector,com.google.testing.junit.testparameterinjector.PluggableTestRunner,validateZeroArgConstructor,(Ljava/util/List;)V,top-level,7,8,87.5,1,1,346
com.google.testing.junit.testparameterinjector,com.google.testing.junit.testparameterinjector.PluggableTestRunner,validateTestMethods,(Ljava/util/List;)V,top-level,14,19,73.7,5,3,360
com.google.testing.junit.testparameterinjector,com.google.testing.junit.testparameterinjector.PluggableTestRunner,collectInitializationErrors,(Ljava/util/List;)V,top-level,3,9,33.3,1,1,392
com.google.testing.junit.testparameterinjector,com.google.testing.junit.testparameterinjector.PluggableTestRunner,createTest,()Ljava/lang/Object;,top-level,1,1,100.0,0,0,407
com.google.testing.junit.testparameterinjector,com.google.testing.junit.testparameterinjector.PluggableTestRunner,validatePublicVoidNoArgMethods,(Ljava/lang/Class;ZLjava/util/List;)V,top-level,2,2,100.0,0,0,414
com.google.testing.junit.testparameterinjector,com.google.testing.junit.testparameterinjector.PluggableTestRunner,getTestMethodProcessors,()Lcom/google/testing/junit/testparameterinjector/TestMethodProcessorList;,top-level,3,3,100.0,2,0,418
com.google.testing.junit.testparameterinjector,com.google.testing.junit.testparameterinjector.PluggableTestRunner,lambda$validateTestMethods$5,(Ljava/lang/Class;)Ljava/lang/Iterable;,top-level,1,1,100.0,0,0,362
com.google.testing.junit.testparameterinjector,com.google.testing.junit.testparameterinjector.PluggableTestRunner,lambda$withRules$4,(Lcom/google/common/collect/LinkedListMultimap;Ljava/lang/Integer;)Ljava/lang/Iterable;,top-level,1,1,100.0,0,0,288
com.google.testing.junit.testparameterinjector,com.google.testing.junit.testparameterinjector.PluggableTestRunner,lambda$withRules$3,(Lcom/google/common/collect/LinkedListMultimap;Lorg/junit/runners/model/FrameworkMember;Ljava/lang/Object;)V,top-level,5,6,83.3,2,6,263
com.google.testing.junit.testparameterinjector,com.google.testing.junit.testparameterinjector.PluggableTestRunner,lambda$processMethod$2,(Lcom/google/testing/junit/testparameterinjector/TestInfo;)Lorg/junit/runners/model/FrameworkMethod;,top-level,1,1,100.0,0,0,191
com.google.testing.junit.testparameterinjector,com.google.testing.junit.testparameterinjector.PluggableTestRunner,lambda$computeTestMethods$1,(Ljava/lang/Class;)Ljava/lang/Iterable;,top-level,1,1,100.0,0,0,134
com.google.testing.junit.testparameterinjector,com.google.testing.junit.testparameterinjector.PluggableTestRunner,<clinit>,()V,top-level,1,1,100.0,0,0,61
com.google.testing.junit.testparameterinjector,com.google.testing.junit.testparameterinjector.TestParametersMethodProcessor,<init>,()V,top-level,5,5,100.0,0,0,51
com.google.testing.junit.testparameterinjector,com.google.testing.junit.testparameterinjector.TestParametersMethodProcessor,validateConstructor,(Ljava/lang/reflect/Constructor;)Lcom/google/testing/junit/testparameterinjector/ExecutableValidationResult;,top-level,2,7,28.6,1,1,61
com.google.testing.junit.testparameterinjector,com.google.testing.junit.testparameterinjector.TestParametersMethodProcessor,validateTestMethod,(Ljava/lang/reflect/Method;Ljava/lang/Class;)Lcom/google/testing/junit/testparameterinjector/ExecutableValidationResult;,top-level,2,7,28.6,1,1,76
com.google.testing.junit.testparameterinjector,com.google.testing.junit.testparameterinjector.TestParametersMethodProcessor,calculateTestInfos,(Lcom/google/testing/junit/testparameterinjector/TestInfo;)Ljava/util/List;,top-level,6,34,17.6,2,6,91
com.google.testing.junit.testparameterinjector,com.google.testing.junit.testparameterinjector.TestParametersMethodProcessor,maybeGetTestMethodParameters,(Lcom/google/testing/junit/testparameterinjector/TestInfo;)Lcom/google/common/base/Optional;,top-level,3,8,37.5,1,1,184
com.google.testing.junit.testparameterinjector,com.google.testing.junit.testparameterinjector.TestParametersMethodProcessor,postProcessTestInstance,(Ljava/lang/Object;Lcom/google/testing/junit/testparameterinjector/TestInfo;)V,top-level,1,1,100.0,0,0,198
com.google.testing.junit.testparameterinjector,com.google.testing.junit.testparameterinjector.TestParametersMethodProcessor,hasRelevantAnnotation,(Ljava/lang/reflect/Constructor;)Z,top-level,2,2,100.0,2,2,429
com.google.testing.junit.testparameterinjector,com.google.testing.junit.testparameterinjector.TestParametersMethodProcessor,hasRelevantAnnotation,(Ljava/lang/reflect/Method;)Z,top-level,2,2,100.0,2,2,434
com.google.testing.junit.testparameterinjector,com.google.testing.junit.testparameterinjector.AutoAnnotation_TestParameterAnnotationMethodProcessor_TestIndexHolderFactory_create,<init>,(IILjava/lang/String;)V,top-level,6,7,85.7,1,1,15
com.google.testing.junit.testparameterinjector,com.google.testing.junit.testparameterinjector.AutoAnnotation_TestParameterAnnotationMethodProcessor_TestIndexHolderFactory_create,methodIndex,()I,top-level,1,1,100.0,0,0,31
com.google.testing.junit.testparameterinjector,com.google.testing.junit.testparameterinjector.AutoAnnotation_TestParameterAnnotationMethodProcessor_TestIndexHolderFactory_create,parametersIndex,()I,top-level,1,1,100.0,0,0,36
com.google.testing.junit.testparameterinjector,com.google.testing.junit.testparameterinjector.AutoAnnotation_TestParameterAnnotationMethodProcessor_TestIndexHolderFactory_create,testClassName,()Ljava/lang/String;,top-level,1,1,100.0,0,0,41
com.google.testing.junit.testparameterinjector,com.google.testing.junit.testparameterinjector.AutoAnnotation_TestParameterAnnotationMethodProcessor_TestIndexHolderFactory_create,hashCode,()I,top-level,2,2,100.0,0,0,74
com.google.testing.junit.testparameterinjector,com.google.testing.junit.testparameterinjector.AutoValue_ExecutableValidationResult,<init>,(ZLcom/google/common/collect/ImmutableList;)V,top-level,5,6,83.3,1,1,14
com.google.testing.junit.testparameterinjector,com.google.testing.junit.testparameterinjector.AutoValue_ExecutableValidationResult,wasValidated,()Z,top-level,1,1,100.0,0,0,24
com.google.testing.junit.testparameterinjector,com.google.testing.junit.testparameterinjector.AutoValue_ExecutableValidationResult,validationErrors,()Lcom/google/common/collect/ImmutableList;,top-level,1,1,100.0,0,0,29
com.google.testing.junit.testparameterinjector,com.google.testing.junit.testparameterinjector.TestParameterAnnotation$DefaultValueProvider,<init>,()V,nested,1,1,100.0,0,0,165
com.google.testing.junit.testparameterinjector,com.google.testing.junit.testparameterinjector.TestParameterAnnotation$DefaultValueProvider,provideValues,(Ljava/lang/annotation/Annotation;Lcom/google/common/base/Optional;)Ljava/util/List;,nested,14,14,100.0,3,1,169
com.google.testing.junit.testparameterinjector,com.google.testing.junit.testparameterinjector.TestParameterAnnotation$DefaultValueProvider,getValueType,(Ljava/lang/Class;Lcom/google/common/base/Optional;)Ljava/lang/Class;,nested,2,4,50.0,0,0,196
com.google.testing.junit.testparameterinjector,com.google.testing.junit.testparameterinjector.TestParameterAnnotation$DefaultValueProvider,getParametersAnnotationValues,(Ljava/lang/annotation/Annotation;Ljava/lang/Class;)Ljava/lang/Object;,nested,5,17,29.4,0,2,212
com.google.testing.junit.testparameterinjector,com.google.testing.junit.testparameterinjector.TestParameterAnnotationMethodProcessor,getParametersAnnotationValues,(Lcom/google/testing/junit/testparameterinjector/TestParameterAnnotationMethodProcessor$AnnotationWithMetadata;)Lcom/google/common/collect/ImmutableList;,top-level,10,12,83.3,0,0,183
com.google.testing.junit.testparameterinjector,com.google.testing.junit.testparameterinjector.TestParameterAnnotationMethodProcessor,<init>,(Z)V,top-level,9,9,100.0,0,0,279
com.google.testing.junit.testparameterinjector,com.google.testing.junit.testparameterinjector.TestParameterAnnotationMethodProcessor,onlyForFieldsAndParameters,()Lcom/google/testing/junit/testparameterinjector/TestMethodProcessor;,top-level,1,1,100.0,0,0,314
com.google.testing.junit.testparameterinjector,com.google.testing.junit.testparameterinjector.TestParameterAnnotationMethodProcessor,calculateAnnotationTypeOrigins,(Ljava/lang/Class;)Lcom/google/common/collect/ImmutableList;,top-level,51,51,100.0,3,3,320
com.google.testing.junit.testparameterinjector,com.google.testing.junit.testparameterinjector.TestParameterAnnotationMethodProcessor,getAnnotationTypeOrigins,(Ljava/lang/Class;Lcom/google/testing/junit/testparameterinjector/TestParameterAnnotationMethodProcessor$Origin;[Lcom/google/testing/junit/testparameterinjector/TestParameterAnnotationMethodProcessor$Origin;)Lcom/google/common/collect/ImmutableList;,top-level,4,7,57.1,0,0,408
com.google.testing.junit.testparameterinjector,com.google.testing.junit.testparameterinjector.TestParameterAnnotationMethodProcessor,checkDuplicatedFieldsAnnotations,(Ljava/util/List;Ljava/util/List;)V,top-level,2,10,20.0,1,3,423
com.google.testing.junit.testparameterinjector,com.google.testing.junit.testparameterinjector.TestParameterAnnotationMethodProcessor,checkDuplicatedClassAndFieldAnnotations,(Ljava/util/List;Ljava/util/List;Ljava/util/List;)V,top-level,19,19,100.0,0,0,443
com.google.testing.junit.testparameterinjector,com.google.testing.junit.testparameterinjector.TestParameterAnnotationMethodProcessor,extractTestParameterAnnotations,(Ljava/util/List;Lcom/google/testing/junit/testparameterinjector/TestParameterAnnotationMethodProcessor$Origin;)Ljava/util/List;,top-level,6,6,100.0,0,0,472
com.google.testing.junit.testparameterinjector,com.google.testing.junit.testparameterinjector.TestParameterAnnotationMethodProcessor,validateConstructor,(Ljava/lang/reflect/Constructor;)Lcom/google/testing/junit/testparameterinjector/ExecutableValidationResult;,top-level,3,9,33.3,1,1,483
com.google.testing.junit.testparameterinjector,com.google.testing.junit.testparameterinjector.TestParameterAnnotationMethodProcessor,validateTestMethod,(Ljava/lang/reflect/Method;Ljava/lang/Class;)Lcom/google/testing/junit/testparameterinjector/ExecutableValidationResult;,top-level,6,7,85.7,1,1,505
com.google.testing.junit.testparameterinjector,com.google.testing.junit.testparameterinjector.TestParameterAnnotationMethodProcessor,validateMethodOrConstructorParameters,(Ljava/util/List;Ljava/lang/Class;Ljava/lang/reflect/AnnotatedElement;[Ljava/lang/Class;[[Ljava/lang/annotation/Annotation;)Ljava/util/List;,top-level,20,41,48.8,10,10,527
com.google.testing.junit.testparameterinjector,com.google.testing.junit.testparameterinjector.TestParameterAnnotationMethodProcessor,maybeGetTestMethodParameters,(Lcom/google/testing/junit/testparameterinjector/TestInfo;)Lcom/google/common/base/Optional;,top-level,16,17,94.1,5,3,644
com.google.testing.junit.testparameterinjector,com.google.testing.junit.testparameterinjector.TestParameterAnnotationMethodProcessor,calculateTestInfos,(Lcom/google/testing/junit/testparameterinjector/TestInfo;)Ljava/util/List;,top-level,21,22,95.5,3,1,709
com.google.testing.junit.testparameterinjector,com.google.testing.junit.testparameterinjector.TestParameterAnnotationMethodProcessor,getParameterValuesForMethod,(Ljava/lang/reflect/Method;Ljava/lang/Class;)Ljava/util/List;,top-level,1,4,25.0,0,0,749
com.google.testing.junit.testparameterinjector,com.google.testing.junit.testparameterinjector.TestParameterAnnotationMethodProcessor,getParameterValuesForTest,(Lcom/google/testing/junit/testparameterinjector/TestParameterAnnotationMethodProcessor$TestIndexHolder;Ljava/lang/Class;)Ljava/util/List;,top-level,7,7,100.0,0,0,777
com.google.testing.junit.testparameterinjector,com.google.testing.junit.testparameterinjector.TestParameterAnnotationMethodProcessor,getAnnotationValuesForUsedAnnotationTypes,(Ljava/lang/reflect/Method;Ljava/lang/Class;)Lcom/google/common/collect/ImmutableList;,top-level,16,16,100.0,0,0,794
com.google.testing.junit.testparameterinjector,com.google.testing.junit.testparameterinjector.TestParameterAnnotationMethodProcessor,annotationComparator,([[Ljava/lang/annotation/Annotation;)Ljava/util/Comparator;,top-level,7,7,100.0,0,0,817
com.google.testing.junit.testparameterinjector,com.google.testing.junit.testparameterinjector.TestParameterAnnotationMethodProcessor,removeOverrides,(Ljava/util/List;Ljava/lang/Class;Ljava/lang/reflect/Method;)Ljava/util/List;,top-level,4,4,100.0,0,0,838
com.google.testing.junit.testparameterinjector,com.google.testing.junit.testparameterinjector.TestParameterAnnotationMethodProcessor,removeOverrides,(Ljava/util/List;Ljava/lang/Class;)Ljava/util/List;,top-level,4,4,100.0,0,0,862
com.google.testing.junit.testparameterinjector,com.google.testing.junit.testparameterinjector.TestParameterAnnotationMethodProcessor,getAnnotationFromParametersOrTestOrClass,(Lcom/google/testing/junit/testparameterinjector/TestParameterAnnotationMethodProcessor$AnnotationTypeOrigin;Ljava/lang/reflect/Method;Ljava/lang/Class;)Lcom/google/common/collect/ImmutableList;,top-level,9,40,22.5,4,20,891
com.google.testing.junit.testparameterinjector,com.google.testing.junit.testparameterinjector.TestParameterAnnotationMethodProcessor,toTestParameterValueList,(Ljava/util/List;Lcom/google/testing/junit/testparameterinjector/TestParameterAnnotationMethodProcessor$Origin;)Lcom/google/common/collect/ImmutableList;,top-level,3,3,100.0,0,0,953
com.google.testing.junit.testparameterinjector,com.google.testing.junit.testparameterinjector.TestParameterAnnotationMethodProcessor,getAnnotationWithMetadataListWithType,(Ljava/lang/reflect/Method;Ljava/lang/Class;)Lcom/google/common/collect/ImmutableList;,top-level,1,4,25.0,0,0,965
com.google.testing.junit.testparameterinjector,com.google.testing.junit.testparameterinjector.TestParameterAnnotationMethodProcessor,getAnnotationWithMetadataListWithType,([Ljava/lang/reflect/Parameter;Ljava/lang/Class;)Lcom/google/common/collect/ImmutableList;,top-level,4,4,100.0,0,0,988
com.google.testing.junit.testparameterinjector,com.google.testing.junit.testparameterinjector.TestParameterAnnotationMethodProcessor,postProcessTestInstance,(Ljava/lang/Object;Lcom/google/testing/junit/testparameterinjector/TestInfo;)V,top-level,14,24,58.3,4,6,1029
com.google.testing.junit.testparameterinjector,com.google.testing.junit.testparameterinjector.TestParameterAnnotationMethodProcessor,filterByOrigin,(Ljava/util/List;[Lcom/google/testing/junit/testparameterinjector/TestParameterAnnotationMethodProcessor$Origin;)Lcom/google/common/collect/ImmutableList;,top-level,4,4,100.0,0,0,1071
com.google.testing.junit.testparameterinjector,com.google.testing.junit.testparameterinjector.TestParameterAnnotationMethodProcessor,getParameterValue,(Ljava/util/List;Ljava/lang/Class;[Ljava/lang/annotation/Annotation;Ljava/util/List;)Ljava/lang/Object;,top-level,12,20,60.0,6,6,1097
com.google.testing.junit.testparameterinjector,com.google.testing.junit.testparameterinjector.TestParameterAnnotationMethodProcessor,callShouldSkip,(Ljava/lang/Class;Ljava/util/List;)Z,top-level,7,9,77.8,0,0,1177
com.google.testing.junit.testparameterinjector,com.google.testing.junit.testparameterinjector.TestParameterAnnotationMethodProcessor,getValueMethodReturnType,(Ljava/lang/Class;Lcom/google/common/base/Optional;)Ljava/lang/Class;,top-level,4,6,66.7,0,0,1245
com.google.testing.junit.testparameterinjector,com.google.testing.junit.testparameterinjector.TestParameterAnnotationMethodProcessor,strictIndexOf,(Ljava/util/List;Ljava/lang/Object;)I,top-level,3,3,100.0,1,1,1271
com.google.testing.junit.testparameterinjector,com.google.testing.junit.testparameterinjector.TestParameterAnnotationMethodProcessor,getMethodsIncludingParents,(Ljava/lang/Class;)Lcom/google/common/collect/ImmutableList;,top-level,8,8,100.0,2,0,1277
com.google.testing.junit.testparameterinjector,com.google.testing.junit.testparameterinjector.TestParameterAnnotationMethodProcessor,listWithParents,(Ljava/lang/Class;)Lcom/google/common/collect/ImmutableList;,top-level,6,6,100.0,2,0,1288
com.google.testing.junit.testparameterinjector,com.google.testing.junit.testparameterinjector.TestParameterAnnotationMethodProcessor,lambda$filterByOrigin$31,(Ljava/util/Set;Lcom/google/testing/junit/testparameterinjector/TestParameterAnnotationMethodProcessor$TestParameterValueHolder;)Z,top-level,1,1,100.0,0,0,1075
com.google.testing.junit.testparameterinjector,com.google.testing.junit.testparameterinjector.TestParameterAnnotationMethodProcessor,lambda$postProcessTestInstance$30,(Ljava/lang/Class;)Ljava/lang/Iterable;,top-level,1,1,100.0,0,0,1045
com.google.testing.junit.testparameterinjector,com.google.testing.junit.testparameterinjector.TestParameterAnnotationMethodProcessor,lambda$getAnnotationWithMetadataListWithType$28,(Ljava/lang/Class;Ljava/lang/reflect/Parameter;)Lcom/google/testing/junit/testparameterinjector/TestParameterAnnotationMethodProcessor$AnnotationWithMetadata;,top-level,5,7,71.4,2,2,991
com.google.testing.junit.testparameterinjector,com.google.testing.junit.testparameterinjector.TestParameterAnnotationMethodProcessor,lambda$toTestParameterValueList$27,(Lcom/google/testing/junit/testparameterinjector/TestParameterAnnotationMethodProcessor$Origin;Lcom/google/testing/junit/testparameterinjector/TestParameterAnnotationMethodProcessor$AnnotationWithMetadata;)Ljava/util/List;,top-level,2,2,100.0,0,0,956
com.google.testing.junit.testparameterinjector,com.google.testing.junit.testparameterinjector.TestParameterAnnotationMethodProcessor,lambda$removeOverrides$23,(Ljava/lang/Class;Lcom/google/testing/junit/testparameterinjector/TestParameterAnnotationMethodProcessor$AnnotationTypeOrigin;)Z,top-level,2,7,28.6,1,1,866
com.google.testing.junit.testparameterinjector,com.google.testing.junit.testparameterinjector.TestParameterAnnotationMethodProcessor,lambda$removeOverrides$22,(Ljava/lang/reflect/Method;Lcom/google/testing/junit/testparameterinjector/TestParameterAnnotationMethodProcessor$AnnotationTypeOrigin;)Z,top-level,2,5,40.0,1,1,843
com.google.testing.junit.testparameterinjector,com.google.testing.junit.testparameterinjector.TestParameterAnnotationMethodProcessor,lambda$getAnnotationValuesForUsedAnnotationTypes$20,(Lcom/google/common/collect/ImmutableList;)Ljava/lang/Iterable;,top-level,1,1,100.0,0,0,811
com.google.testing.junit.testparameterinjector,com.google.testing.junit.testparameterinjector.TestParameterAnnotationMethodProcessor,lambda$getAnnotationValuesForUsedAnnotationTypes$19,(Lcom/google/common/collect/ImmutableList;)Z,top-level,1,1,100.0,1,1,810
com.google.testing.junit.testparameterinjector,com.google.testing.junit.testparameterinjector.TestParameterAnnotationMethodProcessor,lambda$getAnnotationValuesForUsedAnnotationTypes$18,(Ljava/lang/reflect/Method;Ljava/lang/Class;Lcom/google/testing/junit/testparameterinjector/TestParameterAnnotationMethodProcessor$AnnotationTypeOrigin;)Lcom/google/common/collect/ImmutableList;,top-level,1,1,100.0,0,0,809
com.google.testing.junit.testparameterinjector,com.google.testing.junit.testparameterinjector.TestParameterAnnotationMethodProcessor,lambda$getParameterValuesForMethod$17,(Ljava/lang/reflect/Method;Ljava/lang/Class;)Ljava/util/List;,top-level,5,5,100.0,0,0,752
com.google.testing.junit.testparameterinjector,com.google.testing.junit.testparameterinjector.TestParameterAnnotationMethodProcessor,lambda$getParameterValuesForMethod$16,(Ljava/util/List;)Z,top-level,3,3,100.0,0,0,760
com.google.testing.junit.testparameterinjector,com.google.testing.junit.testparameterinjector.TestParameterAnnotationMethodProcessor,lambda$getParameterValuesForMethod$15,(Ljava/util/List;Lcom/google/testing/junit/testparameterinjector/TestParameterAnnotationMethodProcessor$TestParameterValueHolder;)Z,top-level,2,2,100.0,0,0,763
com.google.testing.junit.testparameterinjector,com.google.testing.junit.testparameterinjector.TestParameterAnnotationMethodProcessor,lambda$calculateTestInfos$14,(Lcom/google/testing/junit/testparameterinjector/TestParameterAnnotationMethodProcessor$TestParameterValueHolder;)Lcom/google/testing/junit/testparameterinjector/TestInfo$TestInfoParameter;,top-level,4,4,100.0,0,0,729
com.google.testing.junit.testparameterinjector,com.google.testing.junit.testparameterinjector.TestParameterAnnotationMethodProcessor,lambda$extractTestParameterAnnotations$13,(Lcom/google/testing/junit/testparameterinjector/TestParameterAnnotationMethodProcessor$Origin;Ljava/lang/Class;)Lcom/google/testing/junit/testparameterinjector/TestParameterAnnotationMethodProcessor$AnnotationTypeOrigin;,top-level,1,1,100.0,0,0,477
com.google.testing.junit.testparameterinjector,com.google.testing.junit.testparameterinjector.TestParameterAnnotationMethodProcessor,lambda$extractTestParameterAnnotations$12,(Ljava/lang/Class;)Z,top-level,1,1,100.0,0,0,476
com.google.testing.junit.testparameterinjector,com.google.testing.junit.testparameterinjector.TestParameterAnnotationMethodProcessor,lambda$getAnnotationTypeOrigins$11,(Ljava/util/Set;Lcom/google/testing/junit/testparameterinjector/TestParameterAnnotationMethodProcessor$AnnotationTypeOrigin;)Z,top-level,1,1,100.0,0,0,411
com.google.testing.junit.testparameterinjector,com.google.testing.junit.testparameterinjector.TestParameterAnnotationMethodProcessor,lambda$calculateAnnotationTypeOrigins$10,(Ljava/lang/reflect/Constructor;)Ljava/lang/Iterable;,top-level,2,2,100.0,0,0,354
com.google.testing.junit.testparameterinjector,com.google.testing.junit.testparameterinjector.TestParameterAnnotationMethodProcessor,lambda$calculateAnnotationTypeOrigins$9,(Ljava/lang/reflect/Constructor;)Ljava/lang/Iterable;,top-level,1,1,100.0,0,0,346
com.google.testing.junit.testparameterinjector,com.google.testing.junit.testparameterinjector.TestParameterAnnotationMethodProcessor,lambda$calculateAnnotationTypeOrigins$8,(Ljava/lang/reflect/Method;)Ljava/lang/Iterable;,top-level,1,1,100.0,0,0,337
com.google.testing.junit.testparameterinjector,com.google.testing.junit.testparameterinjector.TestParameterAnnotationMethodProcessor,lambda$calculateAnnotationTypeOrigins$7,(Ljava/lang/Class;)Ljava/lang/Iterable;,top-level,1,1,100.0,0,0,336
com.google.testing.junit.testparameterinjector,com.google.testing.junit.testparameterinjector.TestParameterAnnotationMethodProcessor,lambda$calculateAnnotationTypeOrigins$6,(Ljava/lang/reflect/Method;)Ljava/lang/Iterable;,top-level,1,1,100.0,0,0,330
com.google.testing.junit.testparameterinjector,com.google.testing.junit.testparameterinjector.TestParameterAnnotationMethodProcessor,lambda$calculateAnnotationTypeOrigins$5,(Ljava/lang/reflect/Field;)Ljava/lang/Iterable;,top-level,1,1,100.0,0,0,324
com.google.testing.junit.testparameterinjector,com.google.testing.junit.testparameterinjector.TestParameterAnnotationMethodProcessor,lambda$calculateAnnotationTypeOrigins$4,(Ljava/lang/Class;)Ljava/lang/Iterable;,top-level,1,1,100.0,0,0,323
com.google.testing.junit.testparameterinjector,com.google.testing.junit.testparameterinjector.TestParameterAnnotationMethodProcessor,lambda$getParametersAnnotationValues$3,(Ljava/lang/Object;)Lcom/google/testing/junit/testparameterinjector/TestParameterValue;,top-level,2,3,66.7,1,1,195
com.google.testing.junit.testparameterinjector,com.google.testing.junit.testparameterinjector.ByteStringReflection,isInstanceOfByteString,(Ljava/lang/Object;)Z,top-level,2,3,66.7,1,1,33
com.google.testing.junit.testparameterinjector,com.google.testing.junit.testparameterinjector.ByteStringReflection,maybeGetByteStringClass,()Lcom/google/common/base/Optional;,top-level,1,3,33.3,0,0,91
com.google.testing.junit.testparameterinjector,com.google.testing.junit.testparameterinjector.ByteStringReflection,<clinit>,()V,top-level,1,1,100.0,0,0,29
com.google.testing.junit.testparameterinjector,com.google.testing.junit.testparameterinjector.TestParameterValue,<init>,(Ljava/lang/Object;Lcom/google/common/base/Optional;)V,top-level,4,4,100.0,0,0,30
com.google.testing.junit.testparameterinjector,com.google.testing.junit.testparameterinjector.TestParameterValue,wrap,(Ljava/lang/Object;)Lcom/google/testing/junit/testparameterinjector/TestParameterValue;,top-level,1,1,100.0,0,0,37
com.google.testing.junit.testparameterinjector,com.google.testing.junit.testparameterinjector.TestParameterValue,getWrappedValue,()Ljava/lang/Object;,top-level,1,1,100.0,0,0,51
com.google.testing.junit.testparameterinjector,com.google.testing.junit.testparameterinjector.TestParameterValue,getCustomName,()Lcom/google/common/base/Optional;,top-level,1,1,100.0,0,0,55
com.google.testing.junit.testparameterinjector,com.google.testing.junit.testparameterinjector.TestParameterAnnotationMethodProcessor$AnnotationTypeOrigin,<init>,()V,nested,1,1,100.0,0,0,217
com.google.testing.junit.testparameterinjector,com.google.testing.junit.testparameterinjector.TestParameterAnnotationMethodProcessor$AnnotationTypeOrigin,create,(Ljava/lang/Class;Lcom/google/testing/junit/testparameterinjector/TestParameterAnnotationMethodProcessor$Origin;)Lcom/google/testing/junit/testparameterinjector/TestParameterAnnotationMethodProcessor$AnnotationTypeOrigin;,nested,1,1,100.0,0,0,229
com.google.testing.junit.testparameterinjector,com.google.testing.junit.testparameterinjector.ParameterValueParsing,formatTestNameString,(Lcom/google/common/base/Optional;Ljava/lang/Object;)Ljava/lang/String;,top-level,11,16,68.8,7,9,254
com.google.testing.junit.testparameterinjector,com.google.testing.junit.testparameterinjector.ParameterValueParsing,valueAsString,(Ljava/lang/Object;)Ljava/lang/String;,top-level,3,12,25.0,3,7,284
com.google.testing.junit.testparameterinjector,com.google.testing.junit.testparameterinjector.ParameterValueParsing,lambda$formatTestNameString$17,(Ljava/lang/Object;)Ljava/lang/String;,top-level,1,1,100.0,0,0,263
com.google.testing.junit.testparameterinjector,com.google.testing.junit.testparameterinjector.TestParameterAnnotationMethodProcessor$TestIndexHolderFactory,create,(IILjava/lang/String;)Lcom/google/testing/junit/testparameterinjector/TestParameterAnnotationMethodProcessor$TestIndexHolder;,nested,1,1,100.0,0,0,1163
com.google.testing.junit.testparameterinjector,com.google.testing.junit.testparameterinjector.AutoValue_TestParameterAnnotationMethodProcessor_AnnotationTypeOrigin,<init>,(Ljava/lang/Class;Lcom/google/testing/junit/testparameterinjector/TestParameterAnnotationMethodProcessor$Origin;)V,top-level,6,8,75.0,2,2,14
com.google.testing.junit.testparameterinjector,com.google.testing.junit.testparameterinjector.AutoValue_TestParameterAnnotationMethodProcessor_AnnotationTypeOrigin,annotationType,()Ljava/lang/Class;,top-level,1,1,100.0,0,0,27
com.google.testing.junit.testparameterinjector,com.google.testing.junit.testparameterinjector.AutoValue_TestParameterAnnotationMethodProcessor_AnnotationTypeOrigin,origin,()Lcom/google/testing/junit/testparameterinjector/TestParameterAnnotationMethodProcessor$Origin;,top-level,1,1,100.0,0,0,32
com.google.testing.junit.testparameterinjector,com.google.testing.junit.testparameterinjector.AutoValue_TestParameterAnnotationMethodProcessor_AnnotationTypeOrigin,equals,(Ljava/lang/Object;)Z,top-level,5,7,71.4,4,4,37
com.google.testing.junit.testparameterinjector,com.google.testing.junit.testparameterinjector.AutoValue_TestParameterAnnotationMethodProcessor_AnnotationTypeOrigin,hashCode,()I,top-level,6,6,100.0,0,0,50
com.google.testing.junit.testparameterinjector,com.google.testing.junit.testparameterinjector.TestParameterInjectorUtils,getOnlyConstructor,(Ljava/lang/Class;)Ljava/lang/reflect/Constructor;,top-level,5,6,83.3,2,2,35
com.google.testing.junit.testparameterinjector,com.google.testing.junit.testparameterinjector.AutoValue_TestInfo_TestInfoParameter,<init>,(Ljava/lang/String;Ljava/lang/Object;I)V,top-level,6,7,85.7,1,1,17
com.google.testing.junit.testparameterinjector,com.google.testing.junit.testparameterinjector.AutoValue_TestInfo_TestInfoParameter,getValueInTestName,()Ljava/lang/String;,top-level,1,1,100.0,0,0,28
com.google.testing.junit.testparameterinjector,com.google.testing.junit.testparameterinjector.AutoValue_TestInfo_TestInfoParameter,hashCode,()I,top-level,8,8,100.0,1,1,67
com.google.testing.junit.testparameterinjector,com.google.testing.junit.testparameterinjector.TestInfo$TestInfoParameter,<init>,()V,nested,1,1,100.0,0,0,296
com.google.testing.junit.testparameterinjector,com.google.testing.junit.testparameterinjector.TestInfo$TestInfoParameter,create,(Ljava/lang/String;Ljava/lang/Object;I)Lcom/google/testing/junit/testparameterinjector/TestInfo$TestInfoParameter;,nested,3,3,100.0,1,1,315
com.google.testing.junit.testparameterinjector,com.google.testing.junit.testparameterinjector.TestParameterAnnotation$DefaultValidator,<init>,()V,nested,1,1,100.0,0,0,153
com.google.testing.junit.testparameterinjector,com.google.testing.junit.testparameterinjector.TestParameterAnnotation$DefaultValidator,shouldSkip,(Lcom/google/testing/junit/testparameterinjector/TestParameterValidator$Context;)Z,nested,1,1,100.0,0,0,157
com.google.testing.junit.testparameterinjector,com.google.testing.junit.testparameterinjector.ExecutableValidationResult,<init>,()V,top-level,1,1,100.0,0,0,32
com.google.testing.junit.testparameterinjector,com.google.testing.junit.testparameterinjector.ExecutableValidationResult,notValidated,()Lcom/google/testing/junit/testparameterinjector/ExecutableValidationResult;,top-level,1,1,100.0,0,0,41
com.google.testing.junit.testparameterinjector,com.google.testing.junit.testparameterinjector.ExecutableValidationResult,validated,(Ljava/util/Collection;)Lcom/google/testing/junit/testparameterinjector/ExecutableValidationResult;,top-level,1,1,100.0,0,0,45
com.google.testing.junit.testparameterinjector,com.google.testing.junit.testparameterinjector.ExecutableValidationResult,of,(ZLjava/util/Collection;)Lcom/google/testing/junit/testparameterinjector/ExecutableValidationResult;,top-level,3,3,100.0,3,1,58
